10
Zebrafish 	0	0.5554629862733689	0.5146419646763231	0.5146419646763231	0.5181087302835127	0.5274985242922086	0.5161614811022472	0.5237403733801244	0.5237403733801244	0.5221859686786452
GuineaPig 	0.5554629862733689	0	0.1650165604599607	0.1642494949261376	0.1914385809301843	0.2230700947089007	0.1521973548975072	0.1595855732089974	0.1627983789283706	0.1772515686092527
Pig       	0.5146419646763231	0.1650165604599607	0	0.1334625571793947	0.2142837213483616	0.2586983456841734	0.1779711237724739	0.1804246945965146	0.1838129088977025	0.1884858212106795
Cattle    	0.5146419646763231	0.1642494949261376	0.1334625571793947	0	0.2114522174417614	0.2690475232505289	0.1917277401055473	0.1957038218434638	0.1950962613755684	0.2017487663031164
NorwayRat 	0.5181087302835127	0.1914385809301843	0.2142837213483616	0.2114522174417614	0	0.04666286580134189	0.1783265056951945	0.1730407751445912	0.1776989431888479	0.1824737649695025
HouseMouse	0.5274985242922086	0.2230700947089007	0.2586983456841734	0.2690475232505289	0.04666286580134189	0	0.2263647129391571	0.2168110136349835	0.2288953471135666	0.2230517733048363
RhesusMonk	0.5161614811022472	0.1521973548975072	0.1779711237724739	0.1917277401055473	0.1783265056951945	0.2263647129391571	0	0.03428876156994894	0.03171719967475399	0.03211499788719614
SumatranOr	0.5237403733801244	0.1595855732089974	0.1804246945965146	0.1957038218434638	0.1730407751445912	0.2168110136349835	0.03428876156994894	0	0.01548042573530411	0.01811624707652116
Human     	0.5237403733801244	0.1627983789283706	0.1838129088977025	0.1950962613755684	0.1776989431888479	0.2288953471135666	0.03171719967475399	0.01548042573530411	0	0.006153880679389133
Chimpanzee	0.5221859686786452	0.1772515686092527	0.1884858212106795	0.2017487663031164	0.1824737649695025	0.2230517733048363	0.03211499788719614	0.01811624707652116	0.006153880679389133	0