10
Zebrafish 	0	1.08193370011118	1.07282139922585	1.020005585608029	1.063180930809553	1.077435938610602	1.033197757514907	1.026801334903121	1.022538907716776	1.019503913348522
NorwayRat 	1.08193370011118	0	0.1511019745015699	0.575104903873259	0.6157404539346411	0.5597255143450754	0.5191663907373327	0.5195785894369331	0.5105492216391033	0.5118893293810031
HouseMouse	1.07282139922585	0.1511019745015699	0	0.573645727816527	0.6176843085477925	0.5549131304882974	0.5145389026365025	0.5172929169455525	0.5078089084428555	0.5102961883667062
Pig       	1.020005585608029	0.575104903873259	0.573645727816527	0	0.2524859973747404	0.4525004223312316	0.3384693060401165	0.3286917201846006	0.3261219679821966	0.328076881548773
Cattle    	1.063180930809553	0.6157404539346411	0.6176843085477925	0.2524859973747404	0	0.491893624352117	0.3627703744117481	0.3558671638758594	0.3544419527418157	0.3558026934953596
GuineaPig 	1.077435938610602	0.5597255143450754	0.5549131304882974	0.4525004223312316	0.491893624352117	0	0.3660583933616871	0.3633308181775868	0.3592063787042644	0.3594770526931522
RhesusMonk	1.033197757514907	0.5191663907373327	0.5145389026365025	0.3384693060401165	0.3627703744117481	0.3660583933616871	0	0.05703698803416245	0.05616972605442561	0.05680187152949785
SumatranOr	1.026801334903121	0.5195785894369331	0.5172929169455525	0.3286917201846006	0.3558671638758594	0.3633308181775868	0.05703698803416245	0	0.02543574591095721	0.02569634736956591
Human     	1.022538907716776	0.5105492216391033	0.5078089084428555	0.3261219679821966	0.3544419527418157	0.3592063787042644	0.05616972605442561	0.02543574591095721	0	0.008628413750410529
Chimpanzee	1.019503913348522	0.5118893293810031	0.5102961883667062	0.328076881548773	0.3558026934953596	0.3594770526931522	0.05680187152949785	0.02569634736956591	0.008628413750410529	0