10
Zebrafish 	0	1.285884941288301	1.201271613130938	1.310272292965881	1.197730510582629	1.27037544904331	1.297413049132476	1.17569310187395	1.269290246561138	1.234309148095394
GuineaPig 	1.285884941288301	0	0.3160054446585402	0.3090122786965396	0.3009245963876067	0.3032235829948616	0.3032235829948616	0.2916353976596284	0.2297306524312094	0.3446177932394494
Pig       	1.201271613130938	0.3160054446585402	0	0.2264049806040881	0.2237783100589761	0.2221724088981477	0.2171517308258279	0.1978027112095974	0.2295190179975657	0.3750401450880597
RhesusMonk	1.310272292965881	0.3090122786965396	0.2264049806040881	0	0.06079275706035621	0.0477868607895808	0.05447800347194567	0.2065971751844656	0.1949983823257432	0.3359714889763554
Chimpanzee	1.197730510582629	0.3009245963876067	0.2237783100589761	0.06079275706035621	0	0.01413318052851897	0.02740030749934196	0.2086674394398434	0.2032578723459788	0.339890910733035
Human     	1.27037544904331	0.3032235829948616	0.2221724088981477	0.0477868607895808	0.01413318052851897	0	0.02481686760533713	0.2081609449466299	0.2032578723459788	0.3404381186205834
SumatranOr	1.297413049132476	0.3032235829948616	0.2171517308258279	0.05447800347194567	0.02740030749934196	0.02481686760533713	0	0.2101109915341873	0.1922653091524717	0.3356882805115927
Cattle    	1.17569310187395	0.2916353976596284	0.1978027112095974	0.2065971751844656	0.2086674394398434	0.2081609449466299	0.2101109915341873	0	0.2132763449642742	0.3310858694907527
NorwayRat 	1.269290246561138	0.2297306524312094	0.2295190179975657	0.1949983823257432	0.2032578723459788	0.2032578723459788	0.1922653091524717	0.2132763449642742	0	0.05898234548933483
HouseMouse	1.234309148095394	0.3446177932394494	0.3750401450880597	0.3359714889763554	0.339890910733035	0.3404381186205834	0.3356882805115927	0.3310858694907527	0.05898234548933483	0